coef std err t P>|t| [0.025 0.975]	

Intercept -111.6044 31.565 -3.536 0.001 -174.081 -49.128	
MARR[T.True] 2.4275 0.389 6.248 0.000 1.659 3.197	
PIA[T.True] 0.5118 0.365 1.401 0.164 -0.211 1.235	
BRE[T.True] 1.5083 0.297 5.085 0.000 0.921 2.095	
DAN[T.True] 2.5241 0.409 6.176 0.000 1.715 3.333	
BC[T.True] 2.8431 0.375 7.583 0.000 2.101 3.585	
CLI[T.True] 0.5402 0.343 1.573 0.118 -0.139 1.220	
ELC[T.True] 0.4879 0.348 1.403 0.163 -0.200 1.176	
GPI[T.True] 1.7288 0.310 5.581 0.000 1.116 2.342	
SRI[T.True] 0.5245 0.388 1.350 0.179 -0.244 1.293	
ALA[T.True] 1.8295 0.356 5.143 0.000 1.125 2.534	
ICF[T.True] 1.0468 0.333 3.140 0.002 0.387 1.707	
ENV[T.True] 0.5630 0.346 1.627 0.106 -0.122 1.248	
MASI[T.True] 1.0040 0.384 2.612 0.010 0.243 1.765	
SVS[T.True] 1.6824 0.322 5.230 0.000 1.046 2.319	
STAR7[T.True] 1.4199 0.323 4.402 0.000 0.782 2.058	
SCK[T.True] 0.1740 0.461 0.377 0.707 -0.739 1.087	
MARP[T.True] 0.9537 0.358 2.664 0.009 0.245 1.662	
ITD[T.True] 0.1390 0.471 0.295 0.769 -0.794 1.072	
VIM[T.True] 0.1574 0.437 0.360 0.720 -0.708 1.023	
MDC[T.True] 2.3183 0.322 7.197 0.000 1.681 2.956	
ILP[T.True] 0.2733 0.291 0.940 0.349 -0.302 0.849	
CFL[T.True] 1.7939 0.344 5.219 0.000 1.114 2.474	
FCM[T.True] -0.3044 0.342 -0.889 0.376 -0.982 0.373	
FVI[T.True] 1.5146 0.343 4.411 0.000 0.835 2.194	
PLT[T.True] -9.343e-16 3.9e-16 -2.394 0.018 -1.71e-15 -1.62e-16	
LDB[T.True] -0.3243 0.320 -1.013 0.313 -0.958 0.309	
FOS[T.True] 0.2227 0.283 0.786 0.433 -0.338 0.784	
Anni 0.0555 0.016 3.559 0.001 0.025 0.086	
Indice_corrente -0.2319 0.119 -1.952 0.053 -0.467 0.003	
Indice_di_liquidità 0.3222 0.185 1.738 0.085 -0.045 0.689	
Rotaz_cap_investito -0.1905 0.344 -0.553 0.581 -0.872 0.491	
Rotaz_cap_cir_lordo 0.1029 0.162 0.635 0.527 -0.218 0.424	
Redditività_del_totale_attivo -0.1389 0.074 -1.867 0.064 -0.286 0.008	
Redditività_di_tutto_il_capitale_investito 0.0773 0.043 1.797 0.075 -0.008 0.162	
Redditività_delle_vendite 0.0425 0.019 2.195 0.030 0.004 0.081	
Redditività_del_capitale_proprio 0.0038 0.003 1.131 0.260 -0.003 0.010	
Indice_di_copertura_delle_immob -0.0833 0.135 -0.619 0.537 -0.350 0.183	
Costo_denaro_a_prestito 0.0056 0.023 0.248 0.804 -0.039 0.050	
Oneri_finanz_su_fatt -0.0436 0.086 -0.508 0.613 -0.213 0.126	
Grado_di_copertura_degli_interessi_passivi 0.0030 0.001 2.029 0.045 7.25e-05 0.006	
Debiti_v_banche_su_fatt 0.0019 0.004 0.493 0.623 -0.006 0.010	
Debt_Equity_ratio -0.1226 0.162 -0.757 0.450 -0.443 0.198	
