
                                                 coef    std err          t      P>|t|      [0.025      0.975]
--------------------------------------------------------------------------------------------------------------
Intercept                                   -111.6044     26.186     -4.262      0.000    -163.433     -59.776
MARR[T.True]                                   2.4275      0.475      5.110      0.000       1.487       3.368
PIA[T.True]                                    0.5118      0.362      1.415      0.160      -0.204       1.228
BRE[T.True]                                    1.5083      0.305      4.953      0.000       0.906       2.111
DAN[T.True]                                    2.5241      0.326      7.739      0.000       1.879       3.170
BC[T.True]                                     2.8431      0.363      7.838      0.000       2.125       3.561
CLI[T.True]                                    0.5402      0.362      1.494      0.138      -0.176       1.256
ELC[T.True]                                    0.4879      0.387      1.260      0.210      -0.278       1.254
GPI[T.True]                                    1.7288      0.320      5.404      0.000       1.096       2.362
SRI[T.True]                                    0.5245      0.336      1.561      0.121      -0.141       1.190
ALA[T.True]                                    1.8295      0.445      4.114      0.000       0.949       2.710
ICF[T.True]                                    1.0468      0.354      2.960      0.004       0.347       1.747
ENV[T.True]                                    0.5630      0.379      1.485      0.140      -0.187       1.313
MASI[T.True]                                   1.0040      0.473      2.123      0.036       0.068       1.940
SVS[T.True]                                    1.6824      0.437      3.847      0.000       0.817       2.548
STAR7[T.True]                                  1.4199      0.386      3.681      0.000       0.656       2.183
SCK[T.True]                                    0.1740      0.270      0.645      0.520      -0.360       0.708
MARP[T.True]                                   0.9537      0.378      2.523      0.013       0.206       1.702
ITD[T.True]                                    0.1390      0.361      0.385      0.701      -0.576       0.854
VIM[T.True]                                    0.1574      0.369      0.427      0.670      -0.573       0.887
MDC[T.True]                                    2.3183      0.337      6.872      0.000       1.651       2.986
ILP[T.True]                                    0.2733      0.313      0.874      0.384      -0.346       0.892
CFL[T.True]                                    1.7939      0.378      4.742      0.000       1.045       2.543
FCM[T.True]                                   -0.3044      0.366     -0.832      0.407      -1.028       0.420
FVI[T.True]                                    1.5146      0.367      4.128      0.000       0.788       2.241
PLT[T.True]                                -9.343e-16   3.76e-16     -2.485      0.014   -1.68e-15    -1.9e-16
LDB[T.True]                                   -0.3243      0.392     -0.828      0.409      -1.099       0.451
FOS[T.True]                                    0.2227      0.292      0.762      0.447      -0.356       0.801
Anni                                           0.0555      0.013      4.283      0.000       0.030       0.081
Indice_corrente                               -0.2319      0.157     -1.480      0.142      -0.542       0.078
Indice_di_liquidità                            0.3222      0.191      1.684      0.095      -0.057       0.701
Rotaz_cap_investito                           -0.1905      0.464     -0.411      0.682      -1.109       0.728
Rotaz_cap_cir_lordo                            0.1029      0.179      0.574      0.567      -0.252       0.457
Redditività_del_totale_attivo                 -0.1389      0.083     -1.672      0.097      -0.303       0.026
Redditività_di_tutto_il_capitale_investito     0.0773      0.051      1.514      0.133      -0.024       0.178
Redditività_delle_vendite                      0.0425      0.018      2.384      0.019       0.007       0.078
Redditività_del_capitale_proprio               0.0038      0.005      0.750      0.455      -0.006       0.014
Indice_di_copertura_delle_immob               -0.0833      0.201     -0.415      0.679      -0.481       0.314
Costo_denaro_a_prestito                        0.0056      0.028      0.203      0.840      -0.049       0.060
Oneri_finanz_su_fatt                          -0.0436      0.084     -0.520      0.604      -0.209       0.122
Grado_di_copertura_degli_interessi_passivi     0.0030      0.002      1.727      0.087      -0.000       0.006
Debiti_v_banche_su_fatt                        0.0019      0.004      0.473      0.637      -0.006       0.010
Debt_Equity_ratio                             -0.1226      0.196     -0.625      0.533      -0.511       0.266
